        a: .float 1, 1, 1, 1, 1, 0.5, 1, 0, 0.5, 1, 1, 1, 1, 1, 1, 1, 1, 1 #normal
        b: .float 2, 1, 0.5, 0.5, 1, 2, 0.5, 0, 2, 1, 1, 1, 1, 0.5, 2, 1, 2, 0.5 #figth
        c: .float 1, 2, 1, 1, 1, 0.5, 2, 1, 0.5, 1, 1, 2, 0.5, 1, 1, 1, 1, 1 #flying
        d: .float 1, 1, 1, 0.5, 0.5, 0.5, 1, 0.5, 0, 1, 1, 2, 1, 1, 1, 1, 1, 2 #poison
        d: .float 1, 1, 0, 2, 1, 2, 0.5, 1, 2, 2, 1, 0.5, 2, 1, 1, 1, 1, 1 #ground
        e: .float 1, 0.5, 2, 1, 0.5, 1, 2, 1, 0.5, 2, 1, 1, 1, 1, 2, 1, 1, 1 #rock
        f: .float 1, 0.5, 0.5, 0.5, 1, 1, 1, 0.5, 0.5, 0.5, 1, 2, 1, 2, 1, 1, 2, 0.5  #bug
        g: .float 0, 1, 1, 1, 1, 1, 1, 2, 1, 1, 1, 1, 1, 2, 1, 1, 2, 0.5 #ghost
        h: .float 1, 1, 1, 1, 1, 2, 1, 1, 0.5, 0.5, 0.5, 1, 0.5, 1, 2, 1, 1, 2 #steel
        i: .float 1, 1, 1, 1, 1, 0.5, 2, 1, 2, 0.5, 0.5, 2, 1, 1, 2, 0.5, 1, 1 #fire
        j: .float 1, 1, 1, 1, 2, 2, 1, 1, 1, 2, 0.5, 0.5, 1, 1, 1, 0.5, 1, 1 #water
        k: .float 1, 1, 0.5, 0.5, 2, 2, 0.5, 1, 0.5, 0.5, 2, 0.5, 1, 1, 1, 0.5, 1, 1 #grass
        l: .float 1, 1, 2, 1, 0, 1, 1, 1, 1, 1, 2, 0.5, 0.5, 1, 1, 0.5, 1, 1 #electr
        m: .float 1, 2, 1, 2, 1, 1, 1, 1, 0.5, 1, 1, 1, 1, 0.5, 0.5, 1, 1, 0, 1 #physic
        n: .float 1, 1, 2, 1, 2, 1, 1, 1, 0.5, 0.5, 0.5, 2, 1, 1, 0.5, 2, 1, 1 #ice
        o: .float 1, 1, 1, 1, 1, 1, 1, 1, 0.5, 1, 1, 1, 1, 1, 1, 2, 1, 0 #dragon
        p: .float 1, 0.5, 1, 1, 1, 1, 1, 2, 1, 1, 1, 1, 1, 2, 1, 1, 0.5, 0.5 #dark
        q: .float 1, 2, 1, 0.5, 1, 1, 1, 1, 0.5, 0.5, 1, 1, 1, 1, 1, 2, 2, 1 #fairy
    

.float 1, 1, 1, 1, 1, 0.5, 1, 0, 0.5, 1, 1, 1, 1, 1, 1, 1, 1, 1, 2, 1, 0.5, 0.5, 1, 2, 0.5, 0, 2, 1, 1, 1, 1, 0.5, 2, 1, 2, 0.5, 1, 2, 1, 1, 1, 0.5, 2, 1, 0.5, 1, 1, 2, 0.5, 1, 1, 1, 1, 1, 1, 1, 1, 0.5, 0.5, 0.5, 1, 0.5, 0, 1, 1, 2, 1, 1, 1, 1, 1, 2, 1, 1, 0, 2, 1, 2, 0.5, 1, 2, 2, 1, 0.5, 2, 1, 1, 1, 1, 1, 1, 0.5, 2, 1, 0.5, 1, 2, 1, 0.5, 2, 1, 1, 1, 1, 2, 1, 1, 1, 1, 0.5, 0.5, 0.5, 1, 1, 1, 0.5, 0.5, 0.5, 1, 2, 1, 2, 1, 1, 2, 0.5, 0, 1, 1, 1, 1, 1, 1, 2, 1, 1, 1, 1, 1, 2, 1, 1, 2, 0.5, 1, 1, 1, 1, 1, 2, 1, 1, 0.5, 0.5, 0.5, 1, 0.5, 1, 2, 1, 1, 2, 1, 1, 1, 1, 1, 0.5, 2, 1, 2, 0.5, 0.5, 2, 1, 1, 2, 0.5, 1, 1, 1, 1, 1, 1, 2, 2, 1, 1, 1, 2, 0.5, 0.5, 1, 1, 1, 0.5, 1, 1, 1, 1, 0.5, 0.5, 2, 2, 0.5, 1, 0.5, 0.5, 2, 0.5, 1, 1, 1, 0.5, 1, 1, 1, 1, 2, 1, 0, 1, 1, 1, 1, 1, 2, 0.5, 0.5, 1, 1, 0.5, 1, 1, 1, 2, 1, 2, 1, 1, 1, 1, 0.5, 1, 1, 1, 1, 0.5, 0.5, 1, 1, 0, 1, 1, 1, 2, 1, 2, 1, 1, 1, 0.5, 0.5, 0.5, 2, 1, 1, 0.5, 2, 1, 1, 1, 1, 1, 1, 1, 1, 1, 1, 0.5, 1, 1, 1, 1, 1, 1, 2, 1, 0, 1, 0.5, 1, 1, 1, 1, 1, 2, 1, 1, 1, 1, 1, 2, 1, 1, 0.5, 0.5, 1, 2, 1, 0.5, 1, 1, 1, 1, 0.5, 0.5, 1, 1, 1, 1, 1, 2, 2, 1